4823757687
4227279601
4845534008
119798208
6863096804
5481599274
6793173812
11649336
6200396436
3206746192
1197752670
6116440323
5773728624
445427819
1589090439
3229946242
1834100949
3235158145
3248638255
2844243315
3559973546
348478622
1968712032
6656183397
822269478
2454079968
772348626
6884771162
4254650633
158311072
6285360765
5303186957
3211635412
866462932
2830829803
5607587
994533567
6772448113
1443288849642684490030873257613154008975246692623705852519394934467444600095645895825082200025684682134330480031420194017700605313308121
9987451824781411424694273799909276221410190932540600990737244969177071709149136472974930854896530460708436115543480850702540896254374032
5121523445
6490038358
1119891144
2530414672
